apo_1UBH-L	1e3d-B	0.682	536	166	3	1	534	4	537	7.410E-77	3500	0.417,-0.190,0.889,-0.789,0.409,0.458,-0.450,-0.893,0.021	20.080,31.063,87.696
apo_1UBH-L	1e3d-D	0.682	536	166	3	1	534	4	537	1.410E-76	3494	0.284,-0.918,-0.275,-0.688,-0.395,0.609,-0.668,0.017,-0.744	93.192,82.803,106.507
apo_1UBH-L	4ud6-R	0.654	541	179	4	1	534	6	545	3.515E-75	3403	-0.859,0.512,0.013,0.224,0.352,0.909,0.461,0.783,-0.417	50.362,18.555,144.072
apo_1UBH-L	1yrq-I	0.656	541	178	4	1	534	6	545	3.345E-75	3402	0.861,0.508,-0.005,-0.215,0.356,-0.910,-0.461,0.784,0.416	21.910,104.949,113.020
apo_1UBH-L	4ud2-R	0.654	541	179	4	1	534	5	544	4.730E-75	3398	-0.859,0.513,0.012,0.222,0.351,0.909,0.462,0.783,-0.416	54.941,-31.253,35.841
apo_1UBH-L	4ueq-S	0.652	541	180	4	1	534	5	544	7.027E-75	3396	-0.365,0.907,-0.209,-0.639,-0.407,-0.652,-0.677,-0.105,0.729	81.348,82.796,23.718
apo_1UBH-L	4ueq-Q	0.652	541	180	4	1	534	5	544	8.151E-75	3394	0.839,-0.312,-0.445,-0.154,0.649,-0.745,0.521,0.694,0.497	67.830,50.855,84.249
apo_1UBH-L	4ueq-T	0.652	541	180	4	1	534	5	544	8.564E-75	3394	-0.838,-0.317,0.444,0.152,0.646,0.748,-0.524,0.694,-0.494	83.918,18.752,49.645
apo_1UBH-L	4ueq-V	0.652	541	180	4	1	534	5	544	9.455E-75	3390	0.364,0.906,0.216,0.639,-0.411,0.650,0.678,-0.099,-0.728	36.131,103.289,28.347
apo_1UBH-L	1yrq-K	0.656	541	178	4	1	534	5	544	8.151E-75	3389	0.704,0.330,0.628,-0.312,-0.652,0.692,0.638,-0.683,-0.356	-58.467,21.830,63.039
apo_1UBH-L	2frv-B	0.681	530	169	0	5	534	1	530	6.842E-74	3388	-0.974,0.109,0.200,0.214,0.136,0.967,0.079,0.985,-0.155	53.734,45.762,81.924
apo_1UBH-L	2frv-D	0.681	530	169	0	5	534	1	530	6.842E-74	3388	0.397,-0.896,0.198,-0.219,0.117,0.969,-0.891,-0.428,-0.150	118.324,-49.791,146.562
apo_1UBH-L	2frv-F	0.681	530	169	0	5	534	1	530	6.842E-74	3388	-0.397,0.896,0.199,0.219,-0.118,0.969,0.891,0.428,-0.150	65.734,12.313,31.547
apo_1UBH-L	2frv-H	0.681	530	169	0	5	534	1	530	6.842E-74	3388	0.974,-0.110,0.200,-0.215,-0.136,0.967,-0.079,-0.985,-0.156	29.336,-15.731,98.802
apo_1UBH-L	2frv-J	0.681	530	169	0	5	534	1	530	6.842E-74	3388	0.576,0.792,0.203,0.004,-0.251,0.968,0.818,-0.557,-0.148	-21.631,16.946,92.738
apo_1UBH-L	2frv-L	0.681	530	169	0	5	534	1	530	6.842E-74	3388	-0.576,-0.792,0.203,-0.004,0.251,0.968,-0.817,0.557,-0.148	86.007,-73.560,100.688
apo_1UBH-L	4ud6-Q	0.654	541	179	4	1	534	5	544	8.564E-75	3387	-0.713,0.327,-0.620,0.308,-0.648,-0.696,-0.630,-0.687,0.361	67.761,50.988,84.185
apo_1UBH-L	4ueq-R	0.652	541	180	4	1	534	6	545	1.097E-74	3387	0.827,-0.540,0.159,-0.397,-0.360,0.844,-0.398,-0.761,-0.512	52.059,18.629,143.740
apo_1UBH-L	4uew-Q	0.654	541	179	4	1	534	5	544	1.152E-74	3379	-0.712,0.323,-0.624,0.316,-0.646,-0.695,-0.627,-0.692,0.358	67.767,50.888,84.096
apo_1UBH-L	4ud6-S	0.654	541	179	4	1	534	5	544	1.890E-74	3374	0.373,-0.912,-0.169,0.751,0.404,-0.523,0.545,0.068,0.836	82.519,84.274,25.103
apo_1UBH-L	4ueq-U	0.652	541	180	4	1	534	6	545	3.100E-74	3366	-0.826,-0.539,-0.165,0.400,-0.354,-0.845,0.398,-0.764,0.508	25.320,0.467,105.733
apo_1UBH-L	1yrq-H	0.656	541	178	4	1	534	6	545	4.383E-74	3352	0.709,0.320,0.628,-0.317,-0.651,0.690,0.630,-0.688,-0.360	-12.245,2.488,104.675
apo_1UBH-L	1yrq-N	0.656	541	178	4	1	534	6	545	9.675E-74	3343	0.920,0.391,-0.003,-0.194,0.449,-0.872,-0.339,0.803,0.489	-42.921,117.129,126.212
apo_1UBH-L	4ud2-Q	0.654	541	179	4	1	534	5	544	1.587E-73	3328	-0.714,0.325,-0.620,0.310,-0.647,-0.696,-0.627,-0.689,0.362	67.867,50.881,84.099
apo_1UBH-L	1yrq-J	0.656	541	178	4	1	534	5	544	2.735E-73	3325	-0.379,-0.912,0.159,-0.761,0.405,0.507,-0.526,0.071,-0.847	86.204,56.056,116.463
apo_1UBH-L	4ud2-S	0.654	541	179	4	1	534	5	544	2.357E-73	3322	-0.377,-0.912,0.163,-0.751,0.403,0.523,-0.542,0.075,-0.837	96.408,-35.338,172.578
apo_1UBH-L	1yrq-M	0.656	541	178	4	1	534	6	545	1.706E-72	3284	-0.345,-0.921,0.181,-0.764,0.388,0.516,-0.545,0.040,-0.838	106.614,105.147,153.139
apo_1UBH-L	1frv-B	0.681	530	169	0	5	534	1	530	1.927E-71	3231	0.751,-0.616,-0.236,0.049,0.408,-0.911,0.658,0.673,0.337	105.286,53.652,-12.263
apo_1UBH-L	1frv-D	0.681	530	169	0	5	534	1	530	7.880E-70	3151	-0.911,-0.160,-0.380,0.358,0.149,-0.922,0.204,-0.976,-0.079	67.575,61.275,130.749
apo_1UBH-L	3myr-F	0.469	566	262	13	3	534	1	561	4.957E-60	2565	-0.047,-0.640,-0.767,-0.635,-0.574,0.517,-0.771,0.511,-0.379	-6.041,77.282,-14.464
apo_1UBH-L	3myr-H	0.470	563	259	13	6	534	2	559	1.794E-59	2549	0.246,-0.677,0.693,0.776,-0.291,-0.560,0.581,0.675,0.454	124.642,42.511,105.071
apo_1UBH-L	3myr-B	0.470	563	259	13	6	534	2	559	3.769E-59	2540	-0.105,0.662,-0.742,0.968,-0.104,-0.230,-0.229,-0.742,-0.630	30.391,64.757,29.928
apo_1UBH-L	3myr-D	0.471	566	260	13	3	534	1	561	4.161E-59	2530	0.761,0.461,0.456,-0.530,0.848,0.029,-0.373,-0.264,0.889	77.793,47.349,69.747
apo_1UBH-L	4ko2-M	0.353	554	271	15	3	534	1	489	6.654E-45	1743	-0.816,0.522,0.248,0.270,-0.034,0.962,0.511,0.852,-0.113	88.939,15.270,102.852
apo_1UBH-L	4ko1-M	0.353	554	271	16	3	534	1	489	8.110E-45	1739	-0.816,0.522,0.248,0.270,-0.034,0.962,0.511,0.852,-0.113	88.939,15.270,102.850
apo_1UBH-L	4ko2-L	0.353	557	267	15	3	534	1	489	1.147E-44	1734	0.277,0.735,-0.619,-0.947,0.098,-0.307,-0.165,0.671,0.723	44.159,69.429,65.148
apo_1UBH-L	2wpn-B	0.357	546	272	16	3	534	1	481	2.464E-43	1732	-0.224,-0.971,0.090,-0.157,0.127,0.979,-0.962,0.205,-0.181	58.224,27.274,95.275
apo_1UBH-L	4ko1-L	0.353	557	267	15	3	534	1	489	1.976E-44	1725	0.278,0.734,-0.619,-0.946,0.099,-0.308,-0.165,0.672,0.722	44.156,69.423,65.137
apo_1UBH-L	6z9g-F	0.357	546	272	16	3	534	1	481	1.831E-43	1722	0.213,-0.973,-0.089,0.109,0.114,-0.987,0.971,0.200,0.130	80.493,0.758,145.209
apo_1UBH-L	6z9g-D	0.350	551	269	17	3	534	1	481	3.156E-43	1701	0.222,-0.968,-0.115,0.187,0.158,-0.970,0.957,0.194,0.216	66.679,-4.648,90.710
apo_1UBH-L	6z9g-B	0.355	546	273	15	3	534	1	481	1.200E-42	1694	0.119,-0.982,-0.149,0.202,0.171,-0.964,0.972,0.085,0.219	61.032,-54.955,147.997
apo_1UBH-L	6z9g-H	0.349	547	275	17	3	534	1	481	3.661E-43	1680	0.311,-0.948,-0.070,0.091,0.103,-0.991,0.946,0.302,0.118	59.426,-68.096,76.248
apo_1UBH-L	1cc1-L	0.356	553	265	17	6	534	2	487	4.247E-43	1633	-0.936,0.342,0.078,-0.302,-0.672,-0.676,-0.179,-0.657,0.732	84.680,98.070,64.677
apo_1UBH-L	8dqv-C	0.272	583	299	21	6	534	2	513	2.251E-34	1221	0.493,0.627,-0.604,-0.844,0.175,-0.507,-0.212,0.759,0.615	-1.671,242.085,-135.874
apo_1UBH-L	8dqv-A	0.272	583	299	21	6	534	2	513	2.485E-34	1220	-0.493,-0.627,-0.604,0.844,-0.175,-0.507,0.212,-0.759,0.615	320.735,49.479,21.792
apo_1UBH-L	7utd-C	0.264	583	304	21	6	534	2	513	1.515E-34	1218	0.208,-0.501,-0.840,-0.918,-0.398,0.010,-0.339,0.769,-0.542	232.372,268.701,42.218
apo_1UBH-L	7utd-G	0.264	583	304	21	6	534	2	513	1.515E-34	1218	0.501,0.208,-0.840,0.398,-0.918,0.010,-0.769,-0.339,-0.542	84.563,151.326,269.198
apo_1UBH-L	7utd-M	0.264	583	304	21	6	534	2	513	1.515E-34	1218	-0.208,0.501,-0.840,0.918,0.398,0.010,0.339,-0.769,-0.542	146.010,-119.519,169.156
apo_1UBH-L	7utd-O	0.264	583	304	21	6	534	2	513	1.515E-34	1218	-0.501,-0.208,-0.840,-0.398,0.918,0.010,0.769,0.339,-0.542	293.821,-2.149,-57.822
apo_1UBH-L	7uus-A	0.264	583	304	21	6	534	2	513	1.515E-34	1218	0.626,-0.466,-0.626,-0.463,-0.867,0.183,-0.628,0.175,-0.758	128.274,240.400,187.289
apo_1UBH-L	7uus-C	0.264	583	304	21	6	534	2	513	1.515E-34	1218	0.023,-0.540,0.841,0.999,0.035,-0.005,-0.027,0.841,0.541	44.422,-72.173,-151.969
apo_1UBH-L	7uus-E	0.264	583	304	21	6	534	2	513	1.515E-34	1218	-0.462,-0.624,-0.631,-0.869,0.462,0.179,0.179,0.631,-0.755	307.865,108.661,5.493
apo_1UBH-L	7uus-G	0.264	583	304	21	6	534	2	513	1.515E-34	1218	-0.546,-0.026,0.838,0.035,-0.999,-0.008,0.837,0.025,0.546	52.861,215.096,-159.936
apo_1UBH-L	7uus-M	0.264	583	304	21	6	534	2	513	1.515E-34	1218	-0.031,0.543,0.839,-0.999,-0.035,-0.014,0.022,-0.839,0.543	-102.808,226.363,81.515
apo_1UBH-L	7uus-O	0.264	583	304	21	6	534	2	513	1.515E-34	1218	0.538,0.028,0.843,-0.035,0.999,-0.011,-0.842,-0.024,0.538	-111.243,-60.907,89.477
apo_1UBH-L	7utd-A	0.264	583	304	21	6	534	2	513	1.758E-34	1216	-0.363,-0.687,0.629,0.790,-0.585,-0.184,0.495,0.430,0.755	143.031,67.187,-211.465
apo_1UBH-L	7utd-E	0.264	583	304	21	6	534	2	513	1.758E-34	1216	0.687,-0.363,0.629,0.585,0.790,-0.184,-0.430,0.495,0.755	-59.887,-105.557,-84.471
apo_1UBH-L	7utd-I	0.264	583	304	21	6	534	2	513	1.758E-34	1216	-0.687,0.363,0.629,-0.585,-0.790,-0.184,0.430,-0.495,0.755	35.976,300.316,-65.406
apo_1UBH-L	7utd-K	0.264	583	304	21	6	534	2	513	1.758E-34	1216	0.363,0.687,0.629,-0.790,0.585,-0.184,-0.495,-0.430,0.755	-166.941,127.574,61.587
apo_1UBH-L	7uus-I	0.264	583	304	21	6	534	2	513	1.758E-34	1216	0.468,0.622,-0.628,0.867,-0.461,0.189,-0.172,-0.633,-0.755	-4.666,-9.602,237.127
apo_1UBH-L	7uus-K	0.264	583	304	21	6	534	2	513	1.758E-34	1216	-0.620,0.464,-0.633,0.461,0.868,0.185,0.635,-0.177,-0.752	174.928,-141.339,55.333
apo_1UBH-L	7uur-C	0.271	585	297	23	6	534	2	513	1.020E-34	1206	-0.077,-0.790,0.608,-0.734,0.458,0.502,-0.675,-0.408,-0.615	79.920,24.733,265.031
apo_1UBH-L	7uur-F	0.271	585	297	23	6	534	2	513	1.020E-34	1205	0.077,0.790,0.608,0.734,-0.458,0.502,0.675,0.408,-0.615	-133.326,-43.219,-1.380
apo_1UBH-L	5aa5-G	0.227	616	337	28	3	534	1	561	1.580E-30	1057	-0.082,-0.119,-0.990,-0.635,-0.759,0.144,-0.768,0.640,-0.013	99.005,189.756,-33.627
apo_1UBH-L	5aa5-K	0.229	619	332	25	3	534	1	561	4.694E-30	1048	0.066,0.784,0.617,0.732,-0.458,0.505,0.679,0.418,-0.604	-51.338,111.187,-29.197
apo_1UBH-L	5aa5-C	0.233	616	333	28	3	534	1	561	1.876E-29	1031	0.023,0.158,-0.987,0.758,0.641,0.120,0.652,-0.751,-0.105	58.200,-38.693,128.036
apo_1UBH-L	5aa5-L	0.236	613	329	27	6	534	3	560	2.787E-29	1018	0.035,0.911,0.410,-0.713,0.310,-0.628,-0.700,-0.270,0.661	-65.852,52.217,82.470
apo_1UBH-L	5aa5-E	0.230	612	334	29	6	534	2	559	8.697E-29	995	0.167,-0.910,0.379,0.692,-0.165,-0.702,0.702,0.380,0.603	184.562,86.110,-40.664
apo_1UBH-L	5aa5-I	0.233	612	334	27	5	534	2	560	2.852E-28	984	-0.023,-0.804,0.594,-0.699,0.438,0.566,-0.715,-0.402,-0.572	172.672,17.733,116.506
