apo_1UBH-S	1e3d-A	0.717	262	73	1	6	267	2	262	6.499E-50	1726	0.418,-0.182,0.890,-0.791,0.408,0.455,-0.446,-0.895,0.026	19.961,31.163,87.558
apo_1UBH-S	1e3d-C	0.717	262	73	1	6	267	2	262	6.113E-49	1691	0.278,-0.925,-0.260,-0.690,-0.381,0.616,-0.668,0.008,-0.744	93.411,82.145,106.887
apo_1UBH-S	1yrq-F	0.652	262	87	2	6	267	2	259	7.996E-48	1636	-0.338,-0.922,0.189,-0.773,0.387,0.503,-0.537,0.023,-0.843	105.670,106.337,152.739
apo_1UBH-S	4ueq-C	0.648	262	88	2	5	266	2	259	1.041E-47	1630	-0.355,0.909,-0.219,-0.647,-0.408,-0.644,-0.675,-0.086,0.733	82.155,82.252,23.577
apo_1UBH-S	4ud6-A	0.641	265	91	2	3	267	1	261	1.112E-47	1621	-0.709,0.338,-0.619,0.293,-0.658,-0.694,-0.642,-0.673,0.367	67.757,51.118,84.048
apo_1UBH-S	4ueq-B	0.641	265	91	2	3	267	1	261	2.296E-47	1615	0.833,-0.529,0.162,-0.401,-0.376,0.835,-0.381,-0.761,-0.525	51.387,19.784,144.043
apo_1UBH-S	4ueq-F	0.646	263	89	2	5	267	2	260	3.192E-47	1614	0.354,0.908,0.226,0.646,-0.412,0.643,0.676,-0.081,-0.732	36.841,102.808,27.320
apo_1UBH-S	4ueq-D	0.641	265	91	2	3	267	1	261	1.884E-47	1614	-0.833,-0.323,0.449,0.145,0.656,0.741,-0.533,0.683,-0.500	84.202,18.394,50.122
apo_1UBH-S	1yrq-C	0.652	262	87	2	6	267	2	259	6.172E-47	1604	-0.373,-0.912,0.170,-0.767,0.407,0.497,-0.522,0.055,-0.851	85.751,56.481,116.592
apo_1UBH-S	4ueq-A	0.641	265	91	2	3	267	1	261	4.741E-47	1601	0.834,-0.319,-0.450,-0.146,0.658,-0.738,0.531,0.682,0.503	67.819,50.987,84.132
apo_1UBH-S	1yrq-G	0.647	264	89	2	3	266	1	260	5.409E-47	1598	0.925,0.380,-0.007,-0.198,0.465,-0.863,-0.325,0.799,0.506	-43.570,117.796,123.497
apo_1UBH-S	2frv-A	0.680	263	81	2	5	267	2	261	2.307E-46	1595	-0.974,0.086,0.208,0.219,0.145,0.965,0.053,0.986,-0.160	53.616,45.888,81.976
apo_1UBH-S	2frv-C	0.680	263	81	2	5	267	2	261	2.307E-46	1595	0.417,-0.885,0.206,-0.229,0.116,0.966,-0.880,-0.450,-0.155	116.241,-49.263,149.095
apo_1UBH-S	2frv-E	0.680	263	81	2	5	267	2	261	2.307E-46	1595	-0.417,0.885,0.206,0.230,-0.117,0.966,0.880,0.450,-0.155	66.669,11.879,32.239
apo_1UBH-S	2frv-G	0.680	263	81	2	5	267	2	261	2.307E-46	1595	0.974,-0.087,0.208,-0.219,-0.146,0.965,-0.053,-0.986,-0.161	28.561,-15.332,98.886
apo_1UBH-S	2frv-I	0.680	263	81	2	5	267	2	261	2.307E-46	1595	0.556,0.804,0.211,0.010,-0.260,0.966,0.831,-0.535,-0.153	-22.107,17.487,91.279
apo_1UBH-S	2frv-S	0.680	263	81	2	5	267	2	261	2.307E-46	1595	-0.556,-0.804,0.210,-0.010,0.260,0.966,-0.831,0.535,-0.153	84.924,-73.367,102.706
apo_1UBH-S	1yrq-D	0.647	264	89	2	3	266	1	260	6.172E-47	1595	0.701,0.340,0.627,-0.296,-0.661,0.689,0.649,-0.669,-0.363	-58.126,20.818,62.458
apo_1UBH-S	4ueq-E	0.641	265	91	2	3	267	1	261	1.117E-46	1591	-0.832,-0.529,-0.169,0.404,-0.368,-0.838,0.381,-0.765,0.520	25.151,0.840,106.006
apo_1UBH-S	4ud2-A	0.641	265	91	2	3	267	1	261	1.117E-46	1589	-0.710,0.335,-0.619,0.295,-0.657,-0.694,-0.639,-0.676,0.367	67.796,51.064,84.092
apo_1UBH-S	4ud2-C	0.648	262	88	2	6	267	2	259	2.022E-46	1587	-0.372,-0.912,0.174,-0.757,0.406,0.511,-0.537,0.058,-0.842	95.074,-34.147,174.024
apo_1UBH-S	4ud2-B	0.643	264	90	2	3	266	1	260	1.193E-46	1587	-0.864,0.503,0.021,0.231,0.359,0.904,0.447,0.786,-0.427	55.318,-31.739,36.801
apo_1UBH-S	4ud6-C	0.648	262	88	2	6	267	2	259	1.893E-46	1585	0.368,-0.912,-0.180,0.757,0.406,-0.512,0.540,0.052,0.840	83.350,83.523,24.793
apo_1UBH-S	4ud6-B	0.643	264	90	2	3	266	1	260	1.553E-46	1582	-0.865,0.501,0.023,0.233,0.360,0.903,0.444,0.787,-0.428	49.302,19.467,144.199
apo_1UBH-S	4uew-A	0.641	265	91	2	3	267	1	261	1.772E-46	1582	-0.709,0.332,-0.622,0.301,-0.655,-0.693,-0.638,-0.679,0.365	67.739,51.070,84.049
apo_1UBH-S	1yrq-A	0.645	265	90	2	3	267	1	261	1.893E-46	1580	0.701,0.334,0.630,-0.304,-0.659,0.688,0.645,-0.674,-0.361	-12.322,2.512,104.187
apo_1UBH-S	1yrq-B	0.647	264	89	2	3	266	1	260	1.902E-45	1547	0.867,0.498,-0.013,-0.223,0.365,-0.904,-0.445,0.787,0.428	21.601,105.515,111.639
apo_1UBH-S	1frv-A	0.671	265	84	2	3	267	1	262	9.932E-44	1491	0.745,-0.627,-0.230,0.064,0.409,-0.910,0.664,0.663,0.345	106.027,53.177,-11.815
apo_1UBH-S	1frv-C	0.671	265	84	2	3	267	1	262	8.189E-43	1452	-0.917,-0.147,-0.372,0.353,0.137,-0.926,0.187,-0.980,-0.073	66.771,62.028,130.774
apo_1UBH-S	3myr-A	0.507	266	123	6	5	266	2	263	4.042E-39	1270	-0.103,0.675,-0.730,0.968,-0.100,-0.229,-0.228,-0.731,-0.644	31.287,65.010,29.609
apo_1UBH-S	3myr-C	0.507	266	123	6	5	266	2	263	5.620E-39	1264	0.772,0.459,0.439,-0.522,0.853,0.026,-0.363,-0.249,0.898	78.020,47.727,70.229
apo_1UBH-S	3myr-G	0.507	266	123	6	5	266	2	263	1.240E-38	1258	0.235,-0.689,0.685,0.770,-0.298,-0.564,0.593,0.661,0.461	124.215,42.375,106.349
apo_1UBH-S	3myr-E	0.507	266	123	6	5	266	2	263	1.324E-38	1252	-0.029,-0.644,-0.764,-0.629,-0.583,0.515,-0.777,0.495,-0.388	-4.606,77.756,-15.185
apo_1UBH-S	4ko1-T	0.386	282	145	10	6	266	3	277	2.991E-33	1020	-0.807,0.530,0.262,0.279,-0.050,0.959,0.521,0.847,-0.108	88.777,14.618,102.495
apo_1UBH-S	4ko2-T	0.386	282	145	10	6	266	3	277	3.894E-33	1017	-0.807,0.530,0.262,0.279,-0.050,0.959,0.521,0.847,-0.108	88.777,14.622,102.498
apo_1UBH-S	4ko2-S	0.386	282	145	10	6	266	3	277	4.443E-33	1016	0.249,0.747,-0.616,-0.953,0.075,-0.294,-0.174,0.660,0.731	44.717,69.874,65.664
apo_1UBH-S	4ko1-S	0.386	282	145	10	6	266	3	277	5.069E-33	1014	0.249,0.747,-0.616,-0.953,0.075,-0.294,-0.174,0.660,0.731	44.719,69.873,65.663
apo_1UBH-S	1cc1-S	0.397	279	143	10	6	266	2	273	3.006E-32	1000	-0.947,0.314,0.067,-0.272,-0.674,-0.687,-0.171,-0.668,0.724	86.188,97.358,65.029
apo_1UBH-S	6z9g-C	0.391	286	141	10	6	267	1	277	1.904E-31	958	0.240,-0.962,-0.127,0.174,0.172,-0.970,0.955,0.211,0.209	66.042,-4.849,89.997
apo_1UBH-S	6z9g-A	0.392	285	142	9	6	267	1	277	6.662E-31	945	0.137,-0.977,-0.165,0.189,0.189,-0.964,0.972,0.101,0.211	60.089,-55.584,146.779
apo_1UBH-S	6z9g-E	0.396	285	141	10	6	267	1	277	1.676E-30	927	0.225,-0.969,-0.103,0.093,0.127,-0.987,0.970,0.212,0.119	80.615,-0.338,144.257
apo_1UBH-S	6z9g-G	0.389	285	143	9	6	267	1	277	9.941E-30	912	0.336,-0.937,-0.091,0.080,0.125,-0.989,0.938,0.326,0.117	56.784,-68.009,75.806
apo_1UBH-S	2wpn-A	0.388	288	139	10	6	267	1	277	1.382E-29	880	-0.256,-0.959,0.118,-0.141,0.158,0.977,-0.956,0.234,-0.175	58.298,27.385,95.106
apo_1UBH-S	8dqv-B	0.317	274	167	8	8	263	2	273	3.320E-25	751	-0.513,-0.579,-0.634,0.838,-0.175,-0.518,0.189,-0.796,0.575	323.769,52.220,36.660
apo_1UBH-S	8dqv-D	0.317	274	167	8	8	263	2	273	3.320E-25	751	0.512,0.579,-0.634,-0.838,0.175,-0.517,-0.189,0.796,0.575	9.445,243.068,-138.316
apo_1UBH-S	7utd-D	0.317	274	167	8	8	263	2	273	2.102E-24	731	0.245,-0.538,-0.806,-0.911,-0.412,-0.001,-0.331,0.735,-0.591	230.344,271.706,53.409
apo_1UBH-S	7utd-H	0.317	274	167	8	8	263	2	273	2.102E-24	731	0.538,0.245,-0.806,0.412,-0.911,-0.001,-0.735,-0.331,-0.591	71.385,150.166,270.444
apo_1UBH-S	7utd-N	0.317	274	167	8	8	263	2	273	2.102E-24	731	-0.245,0.538,-0.806,0.911,0.412,-0.001,0.331,-0.735,-0.591	143.581,-118.854,172.668
apo_1UBH-S	7utd-P	0.317	274	167	8	8	263	2	273	2.102E-24	731	-0.538,-0.245,-0.806,-0.412,0.911,-0.001,0.735,0.331,-0.591	302.536,2.682,-44.371
apo_1UBH-S	7uus-D	0.317	274	167	8	8	263	2	273	2.102E-24	731	0.007,-0.590,0.807,1.000,0.020,0.006,-0.020,0.807,0.590	60.518,-71.077,-153.677
apo_1UBH-S	7uus-H	0.317	274	167	8	8	263	2	273	2.102E-24	731	-0.595,-0.009,0.804,0.020,-1.000,0.003,0.803,0.018,0.595	64.225,216.342,-159.435
apo_1UBH-S	7uus-N	0.317	274	167	8	8	263	2	273	2.102E-24	731	-0.014,0.592,0.805,-1.000,-0.020,-0.003,0.014,-0.805,0.593	-105.764,223.177,72.327
apo_1UBH-S	7uus-P	0.317	274	167	8	8	263	2	273	2.102E-24	731	0.588,0.012,0.809,-0.020,1.000,-0.000,-0.809,-0.016,0.588	-109.471,-64.243,78.084
apo_1UBH-S	7uus-B	0.317	274	167	8	8	263	2	273	2.399E-24	729	0.670,-0.460,-0.582,-0.447,-0.877,0.177,-0.592,0.141,-0.793	118.311,240.559,191.823
apo_1UBH-S	7uus-J	0.317	274	167	8	8	263	2	273	2.399E-24	729	0.462,0.667,-0.585,0.876,-0.446,0.183,-0.139,-0.597,-0.790	-12.848,-12.084,232.147
apo_1UBH-S	7uus-L	0.317	274	167	8	8	263	2	273	2.399E-24	729	-0.665,0.458,-0.590,0.445,0.877,0.179,0.600,-0.144,-0.787	179.620,-139.376,60.652
apo_1UBH-S	7utd-B	0.317	274	167	8	8	263	2	273	2.562E-24	728	-0.406,-0.701,0.586,0.780,-0.600,-0.178,0.477,0.385,0.790	159.958,70.402,-206.350
apo_1UBH-S	7utd-F	0.317	274	167	8	8	263	2	273	2.562E-24	728	0.701,-0.406,0.586,0.600,0.780,-0.178,-0.385,0.477,0.790	-47.036,-106.761,-92.736
apo_1UBH-S	7utd-J	0.317	274	167	8	8	263	2	273	2.562E-24	728	-0.701,0.406,0.586,-0.600,-0.780,-0.178,0.385,-0.477,0.790	40.202,300.594,-65.585
apo_1UBH-S	7utd-L	0.317	274	167	8	8	263	2	273	2.562E-24	728	0.406,0.701,0.586,-0.780,0.600,-0.178,-0.477,-0.385,0.790	-166.792,123.427,48.026
apo_1UBH-S	7uus-F	0.317	274	167	8	8	263	2	273	2.562E-24	728	-0.456,-0.668,-0.587,-0.878,0.446,0.173,0.146,0.595,-0.790	310.779,113.268,20.327
apo_1UBH-S	7uur-D	0.317	274	167	8	8	263	2	273	5.291E-24	719	-0.022,-0.773,0.634,-0.730,0.446,0.518,-0.683,-0.452,-0.574	69.240,23.425,265.271
apo_1UBH-S	7uur-G	0.317	274	167	8	8	263	2	273	1.167E-23	709	0.022,0.772,0.635,0.730,-0.446,0.518,0.683,0.452,-0.574	-126.232,-46.423,-13.954
apo_1UBH-S	5aa5-D	0.279	293	171	11	5	266	15	298	7.859E-24	687	0.168,-0.939,0.301,0.692,-0.105,-0.715,0.702,0.328,0.632	193.076,77.152,-33.841
apo_1UBH-S	5aa5-F	0.289	294	167	13	5	266	15	298	2.256E-23	669	0.011,0.938,0.348,-0.718,0.249,-0.650,-0.696,-0.243,0.676	-65.594,60.450,78.502
apo_1UBH-S	5aa5-B	0.292	291	170	12	5	266	15	298	4.363E-23	663	-0.090,-0.195,-0.977,-0.629,-0.750,0.207,-0.772,0.633,-0.055	112.507,186.879,-31.643
apo_1UBH-S	5aa5-H	0.290	293	168	12	5	266	15	298	4.363E-23	657	0.081,0.742,0.666,0.729,-0.499,0.467,0.679,0.447,-0.582	-43.775,117.006,-33.383
apo_1UBH-S	5aa5-A	0.290	293	168	12	5	266	15	298	1.527E-22	643	0.053,0.221,-0.974,0.760,0.623,0.182,0.647,-0.750,-0.135	51.032,-37.805,128.392
apo_1UBH-S	5aa5-M	0.290	293	168	12	5	266	15	298	5.706E-22	627	-0.040,-0.758,0.651,-0.700,0.486,0.523,-0.713,-0.435,-0.550	168.840,11.049,120.996
apo_1UBH-S	2frv-B	0.375	40	23	2	104	143	357	394	6.762E+00	4	0.956,0.265,0.123,-0.215,0.354,0.910,0.198,-0.897,0.396	50.002,36.497,82.643
apo_1UBH-S	2frv-D	0.375	40	23	2	104	143	357	394	6.762E+00	4	-0.710,0.693,0.127,-0.192,-0.364,0.911,0.678,0.622,0.391	-20.521,-7.692,-20.091
apo_1UBH-S	2frv-F	0.375	40	23	2	104	143	357	394	6.762E+00	4	0.710,-0.693,0.127,0.192,0.363,0.912,-0.678,-0.623,0.391	11.454,2.552,116.737
apo_1UBH-S	2frv-H	0.375	40	23	2	104	143	357	394	6.762E+00	4	-0.956,-0.265,0.122,0.215,-0.355,0.910,-0.198,0.896,0.396	54.658,-25.044,53.442
apo_1UBH-S	2frv-J	0.375	40	23	2	104	143	357	394	6.762E+00	4	-0.244,-0.962,0.123,0.407,0.013,0.913,-0.880,0.273,0.389	109.205,-19.307,79.782
apo_1UBH-S	2frv-L	0.375	40	23	2	104	143	357	394	6.762E+00	4	0.244,0.962,0.123,-0.408,-0.013,0.913,0.880,-0.273,0.389	-15.266,-51.313,22.136
apo_1UBH-S	4ud2-S	0.266	30	19	1	224	253	516	542	6.762E+00	3	-0.428,0.375,-0.822,-0.860,0.109,0.498,0.276,0.921,0.276	109.350,8.033,-24.578
apo_1UBH-S	4ud6-Q	0.266	30	19	1	224	253	516	542	9.384E+00	2	-0.351,-0.790,0.502,0.034,-0.547,-0.836,0.936,-0.276,0.219	38.337,76.296,55.577
apo_1UBH-S	1yrq-M	0.344	29	14	2	227	253	518	543	9.384E+00	2	-0.058,-0.658,0.751,-0.270,0.735,0.622,-0.961,-0.167,-0.220	70.406,63.442,166.559
apo_1UBH-S	4ud6-R	0.266	30	19	1	224	253	517	543	8.790E+00	2	0.644,0.627,-0.437,-0.014,0.581,0.814,0.764,-0.518,0.384	100.476,45.727,45.848
